#	MP5	MP10	MP20
PP1	6	3	2
PP2	4	2	1
PP3	13	7	4
PP4	11	5	3
PP5	16	8	4
PP6	16	8	4
PP7	8	4	2
PP8	11	6	3
PP9	6	3	2
PP10	7	4	2
PP11	2	1	1
PP12	7	4	2
PP13	15	7	4
PP14	3	2	1
PP15	3	2	1
PP16	3	2	1
PP17	10	5	3
PP18	2	1	1
PP19	9	5	3
PP20	8	4	2
PP21	6	3	2
PP22	7	4	2
PP23	12	6	3
PP24	3	2	1
PP25	1	1	1
PP26	3	2	1
PP27	9	5	3
PP28	1	1	1
PP29	7	4	2
PP30	17	9	5
PP31	12	6	3
PP32	6	3	2
PP33	16	8	4
PP34	2	1	1
PP35	12	6	3
PP36	9	5	3
PP37	5	3	2
PP38	5	3	2
PP39	5	3	2
PP40	8	4	2
PP41	4	2	1
PP42	5	3	2
PP43	4	2	1
PP44	6	3	2
PP45	4	2	1
PP46	8	4	2
PP47	1	1	1
PP48	13	7	4
PP49	9	5	3
PP50	10	5	3
PP51	16	8	4
PP52	12	6	3
PP53	5	3	2
PP54	9	5	3
PP55	4	2	1
PP56	12	6	3
PP57	2	1	1
PP58	11	6	3
PP59	14	7	4
PP60	10	5	3
PP61	1	1	1
PP63	14	7	4
PP64	8	4	2
PP65	11	6	3
PP66	7	4	2
PP67	13	6	3
PP68	15	8	4
PP69	10	5	3
PP70	1	1	1
PP71	13	7	4
PP72	14	7	4
PP73	13	7	4
PP74	11	6	3
PP75	16	8	4
PP76	15	8	4
PP77	14	7	4
PP78	14	7	4
PP79	15	8	4
PP80	17	9	5
PP81	15	8	4
PP82	17	8	4
PP83	2	1	1
