,0,1,2,3
S0-PP1,43872,41934,36981,24482
S0-PP10,215185,75246,47920,0
S0-PP12,261662,195848,112926,98116
S0-PP13,731861,30055,28083,0
S0-PP14,98336,71647,64726,58531
S0-PP15,178077,134822,116239,107514
S0-PP16,148545,147810,146433,139399
S0-PP16c26,26839,26457,26219,25726
S0-PP16c38,321645,316612,313377,0
S0-PP17,98882,73694,54856,27728
S0-PP18,185579,184370,182867,176936
S0-PP19,93336,93138,88070,61149
S0-PP2,322013,321254,315500,0
S0-PP20,304295,27039,17928,11891
S0-PP23,24585,20217,17775,0
S0-PP24,82131,80884,78916,0
S0-PP25,65677,65582,63464,53893
S0-PP26,173125,149688,141845,133682
S0-PP27,356662,134773,124016,119508
S0-PP29,372344,353711,327753,0
S0-PP31,59921,59055,53804,0
S0-PP33,493259,416575,151951,0
S0-PP34,235134,235102,228534,219911
S0-PP35,532470,528309,523716,0
S0-PP37,316988,315876,283597,269996
S0-PP38,192334,191155,187275,174523
S0-PP4,597319,41780,37369,0
S0-PP40,369144,267559,246382,229664
S0-PP41,678171,13430,6947,5196
S0-PP44,665669,32899,28608,26611
S0-PP45,297664,272454,268975,0
S0-PP45c26,73314,26316,25604,25106
S0-PP45c38,409219,334953,328313,0
S0-PP46,786086,289071,280202,274409
S0-PP48,379717,379532,368541,359228
S0-PP5,70359,70266,68285,59566
S0-PP50,124350,123570,116265,109730
S0-PP51,586019,148681,139755,135455
S0-PP52,243093,212721,175017,141659
S0-PP53,63638,59240,53975,0
S0-PP54,69328,67433,54882,0
S0-PP55,449690,448173,415028,398985
S0-PP56,371093,370911,368552,364079
S0-PP59,89181,88411,81889,73533
S0-PP60,288054,246475,216665,0
S0-PP61,207927,198608,194626,170540
S0-PP63,221599,207982,159181,108778
S0-PP64,289,264,0,0
S0-PP65,236953,236929,226396,173535
S0-PP66,245644,245457,243349,240100
S0-PP68,172191,171057,161076,0
S0-PP69,563995,560072,542589,0
S0-PP70,434505,434364,418359,408505
S0-PP71,379063,378541,367173,355949
S0-PP72,180810,124659,99784,0
S0-PP73,358612,345758,339850,0
S0-PP75,249269,249162,221694,149251
S0-PP77,82,79,0,0
S0-PP8,109407,34185,19080,16125
S0-PP81,65776,65120,27228,0
S0-PP82,166802,163086,162136,158797
S0-PP9,538706,17708,13152,0
S1,1763892,1591843,1457025,0
S2,2041049,1884244,1744641,1538216
S3,1758340,325116,240174,186680
S4,309949,282607,246304,187293
S5-MP10-1,886798,440320,389276,314532
S5-MP10-2,829274,323136,258450,256639
S5-MP10-3,1118417,382151,317898,242292
S5-MP10-4,487348,431659,319221,292548
S5-MP10-5,524338,382034,358360,343788
S5-MP10-6,685437,488176,281322,0
S5-MP10-7,261850,256717,238375,210064
S5-MP10-8,1126109,717517,594582,580383
S5-MP10-9,75977,73154,17106,0
S5-MP20-1,3398458,524416,266136,0
S5-MP20-2,3267835,1937805,114943,0
S5-MP20-3,1904855,345060,225808,208134
S5-MP20-4,1999106,957387,752507,692143
S5-MP20-5,149837,137052,19051,0
S5-MP5-1,158717,158250,154033,0
S5-MP5-10,112771,112723,107219,0
S5-MP5-11,130323,122515,53239,0
S5-MP5-12,385687,199120,111606,105683
S5-MP5-13,45432,45244,42944,0
S5-MP5-14,186509,184839,156611,126923
S5-MP5-15,362094,22682,19017,14315
S5-MP5-16,279528,200609,59698,52903
S5-MP5-17,530830,40998,6388,4500
S5-MP5-2,122363,72643,57923,0
S5-MP5-3,569295,69059,62098,60519
S5-MP5-4,154899,113532,101040,99986
S5-MP5-5,211463,138123,72395,49612
S5-MP5-6,827159,8258,4546,3904
S5-MP5-7,585319,568630,92580,87859
S5-MP5-8,98244,96324,73968,67804
S5-MP5-9,317579,315702,284810,261633
S6-MP1-PP01,10621,8151,3553,0
S6-MP1-PP02,3325,2729,1843,0
S6-MP1-PP03,19234,310,12,0
S6-MP1-PP04,38236,631,41,0
S6-MP1-PP05,8245,6032,4491,4027
S6-MP1-PP06,8376,4739,12,0
S6-MP1-PP07,90602,27080,3915,0
S6-MP1-PP08,76309,27932,7208,0
S6-MP1-PP09,17159,159,9,0
S6-MP1-PP10,3946,87,2,0
S6-MP1-PP11,3547,220,0,0
S6-MP1-PP12,12802,11679,10698,0
S6-MP1-PP13,19618,718,539,0
S6-MP1-PP14,3328,2212,945,0
S6-MP1-PP15,7373,1341,22,0
S6-MP1-PP16,65152,65046,62934,0
S6-MP1-PP17,1568,1219,507,0
S6-MP1-PP18,22476,20927,19228,0
S6-MP1-PP19,33143,31816,11612,0
S6-MP1-PP20,4773,1265,199,0
S6-MP1-PP21,82,65,0,0
S6-MP1-PP22,360,220,100,0
S6-MP1-PP23,4249,3373,2460,0
S6-MP1-PP24,20799,11024,10294,8853
S6-MP1-PP25,26338,26102,18764,0
S6-MP1-PP26,8986,2405,2079,0
S6-MP1-PP27,5716,61,0,0
S6-MP1-PP28,643,238,120,0
S6-MP1-PP29,21610,390,152,0
S6-MP1-PP30,5184,4861,105,0
S6-MP1-PP31,3837,3806,1490,0
S6-MP1-PP32,604,199,43,0
S6-MP1-PP33,1963,1412,165,0
S6-MP1-PP34,30208,30139,26419,24228
S6-MP1-PP35,17408,17209,16594,0
S6-MP1-PP36,6943,105,30,0
S6-MP1-PP37,34926,34500,28780,26350
S6-MP1-PP38,7579,6881,6116,5575
S6-MP1-PP39,204,120,0,0
S6-MP1-PP40,15851,6789,4956,0
S6-MP1-PP41,41966,825,160,0
S6-MP1-PP42,30671,183,4,0
S6-MP1-PP43,18541,125,11,0
S6-MP1-PP44,3558,381,77,0
S6-MP1-PP45,192293,94681,86605,0
S6-MP1-PP46,92626,735,70,0
S6-MP1-PP47,34420,1646,1051,0
S6-MP1-PP48,6259,6201,4951,0
S6-MP1-PP49,3926,820,138,0
S6-MP1-PP50,12076,12027,5028,0
S6-MP1-PP51,71210,39534,76,0
S6-MP1-PP52,43371,19992,1716,0
S6-MP1-PP53,11979,8834,6101,0
S6-MP1-PP54,68372,61191,14538,0
S6-MP1-PP55,106536,105112,83669,73127
S6-MP1-PP56,26745,25415,24604,0
S6-MP1-PP57,91416,49501,18963,11449
S6-MP1-PP58,55774,1125,1,0
S6-MP1-PP59,55769,33843,24526,21521
S6-MP1-PP60,36020,19121,12632,0
S6-MP1-PP61,1066,920,462,385
S6-MP1-PP63,92689,84301,57879,50885
S6-MP1-PP64,1531,1162,735,0
S6-MP1-PP65,12813,12788,10644,8549
S6-MP1-PP66,2388,2069,1758,0
S6-MP1-PP67,1458,1100,712,0
S6-MP1-PP68,2814,2592,1106,920
S6-MP1-PP69,5924,5608,5119,0
S6-MP1-PP70,1703,1638,858,0
S6-MP1-PP71,4094,4016,3485,0
S6-MP1-PP72,60734,40541,22609,15590
S6-MP1-PP73,5884,5569,5375,0
S6-MP1-PP74,21810,2972,1957,1308
S6-MP1-PP75,4646,4626,2979,0
S6-MP1-PP76,66021,398,0,0
S6-MP1-PP77,35270,31143,1688,1527
S6-MP1-PP78,325,180,2,0
S6-MP1-PP79,27447,256,0,0
S6-MP1-PP80,53877,53397,1071,0
S6-MP1-PP81,12641,12577,2058,1121
S6-MP1-PP82,5291,2493,2337,0
S6-MP1-PP83,117739,1314,345,0
S6-MP10-1,2225717,319643,184065,108137
S6-MP10-2,615612,131518,35072,0
S6-MP10-3,340483,50905,30711,26721
S6-MP10-4,132723,107490,48519,46688
S6-MP10-5,208139,62813,56551,0
S6-MP10-6,328089,109272,44582,37418
S6-MP10-7,138550,136064,126937,117123
S6-MP10-8,492542,59469,32244,31498
S6-MP10-9,39986,32686,1004,0
S6-MP20-1,845729,424068,351880,314938
S6-MP20-2,833110,479842,30581,0
S6-MP20-3,367788,130724,85927,79504
S6-MP20-4,2475487,574777,110692,101770
S6-MP20-5,229921,187451,4169,1146
S6-MP5-1,34161,32107,30402,0
S6-MP5-10,13445,13262,12049,0
S6-MP5-11,217788,81510,26063,0
S6-MP5-12,252486,121538,41427,0
S6-MP5-13,37821,37697,36035,35523
S6-MP5-14,209666,170303,138811,118026
S6-MP5-15,76223,2548,1203,1059
S6-MP5-16,104163,57436,3538,3024
S6-MP5-17,704496,83150,9840,6502
S6-MP5-2,128872,5798,2602,1935
S6-MP5-3,307220,18128,14326,13948
S6-MP5-4,213638,17948,14294,0
S6-MP5-5,222473,72617,4866,3937
S6-MP5-6,308763,1785,273,0
S6-MP5-7,93451,56022,14449,14141
S6-MP5-8,28564,13299,3795,3474
S6-MP5-9,39754,24399,20389,0
