,0,1,2,3,4,5
S0-PP1,43872,41934,36981,24482,2754,2486
S0-PP10,215185,75246,47920,41067,32513,32491
S0-PP12,261662,195848,112926,98116,92788,90820
S0-PP13,731861,30055,28083,27680,26844,438
S0-PP14,98336,71647,64726,58531,52788,49667
S0-PP15,178077,134822,116239,107514,85660,85566
S0-PP16,148545,147810,146433,139399,133823,131939
S0-PP16c26,26839,26457,26219,25726,25039,24630
S0-PP16c38,321645,316612,313377,306678,296955,292987
S0-PP17,98882,73694,54856,27728,3775,3761
S0-PP18,185579,184370,182867,176936,169621,167303
S0-PP19,93336,93138,88070,61149,21505,21493
S0-PP2,322013,321254,315500,310681,304105,299834
S0-PP20,304295,27039,17928,11891,5281,4612
S0-PP23,24585,20217,17775,10420,5302,5158
S0-PP24,82131,80884,78916,48233,41243,39031
S0-PP25,65677,65582,63464,53893,44947,42967
S0-PP26,173125,149688,141845,133682,125017,122219
S0-PP27,356662,134773,124016,119508,114054,109146
S0-PP29,372344,353711,327753,315314,286977,285557
S0-PP31,59921,59055,53804,37490,16489,16483
S0-PP33,493259,416575,151951,139791,118712,118458
S0-PP34,235134,235102,228534,219911,208838,203837
S0-PP35,532470,528309,523716,513276,481748,479668
S0-PP37,316988,315876,283597,269996,253798,253615
S0-PP38,192334,191155,187275,174523,154825,152085
S0-PP4,597319,41780,37369,31151,24358,23533
S0-PP40,369144,267559,246382,229664,215879,214352
S0-PP41,678171,13430,6947,5196,3291,3258
S0-PP44,665669,32899,28608,26611,24919,24777
S0-PP45,297664,272454,268975,263176,257082,255580
S0-PP45c26,73314,26316,25604,25106,24541,24330
S0-PP45c38,409219,334953,328313,319536,311754,308738
S0-PP46,786086,289071,280202,274409,268521,248419
S0-PP48,379717,379532,368541,359228,345527,345394
S0-PP5,70359,70266,68285,59566,49132,46843
S0-PP50,124350,123570,116265,109730,101146,94499
S0-PP51,586019,148681,139755,135455,130962,126979
S0-PP52,243093,212721,175017,141659,130528,130528
S0-PP53,63638,59240,53975,43472,29430,27518
S0-PP54,69328,67433,54882,50330,46644,46443
S0-PP55,449690,448173,415028,398985,382448,378400
S0-PP56,371093,370911,368552,364079,355468,354483
S0-PP59,89181,88411,81889,73533,64841,44929
S0-PP60,288054,246475,216665,158458,113353,95669
S0-PP61,207927,198608,194626,170540,100675,100673
S0-PP63,221599,207982,159181,108778,61269,56003
S0-PP64,289,264,0,0,0,0
S0-PP65,236953,236929,226396,173535,107684,55835
S0-PP66,245644,245457,243349,240100,234999,234833
S0-PP68,172191,171057,161076,141625,123489,118511
S0-PP69,563995,560072,542589,532790,519052,503871
S0-PP70,434505,434364,418359,408505,397694,378928
S0-PP71,379063,378541,367173,355949,329798,325458
S0-PP72,180810,124659,99784,67899,52613,46839
S0-PP73,358612,345758,339850,334172,325555,325397
S0-PP75,249269,249162,221694,149251,83940,83915
S0-PP77,82,79,0,0,0,0
S0-PP8,109407,34185,19080,16125,13186,13174
S0-PP81,65776,65120,27228,9120,30,0
S0-PP82,166802,163086,162136,158797,154470,153136
S0-PP9,538706,17708,13152,11045,9175,8853
