,0,1,2,3,4,5
S0-PP1,43872,41934,36981,24482,2754,2751
S0-PP10,215185,75246,47920,41067,32513,32476
S0-PP12,261662,195848,112926,98116,92788,92519
S0-PP13,731861,30055,28083,27680,26844,26842
S0-PP14,98336,71647,64726,58531,52788,52342
S0-PP15,178077,134822,116239,107514,85660,85659
S0-PP16,148545,147810,146433,139399,133823,132937
S0-PP16c26,26839,26457,26219,25708,25026,24789
S0-PP16c38,321645,316612,313377,306678,296955,294510
S0-PP17,98882,73694,54856,27728,3775,3775
S0-PP18,185579,184370,182867,176936,169621,169498
S0-PP19,93336,93138,88070,61149,21505,21504
S0-PP2,322013,321254,315500,310681,304105,304011
S0-PP20,304295,27039,17928,11891,5281,5281
S0-PP23,24585,20217,17775,10420,5302,5300
S0-PP24,82131,80884,78916,48233,41243,40411
S0-PP25,65677,65582,63464,53893,44947,43152
S0-PP26,173125,149688,141845,133682,125017,124991
S0-PP27,356662,134773,124016,119508,114054,110863
S0-PP29,372344,353711,327753,315314,286977,286877
S0-PP31,59921,59055,53804,37490,16489,16489
S0-PP33,493259,416575,151951,139791,118473,118449
S0-PP34,235134,235102,228534,219911,208838,204350
S0-PP35,532470,528309,523716,513276,481741,481649
S0-PP37,316988,315876,283597,269996,253798,253763
S0-PP38,192334,191155,187275,174523,154825,153041
S0-PP4,597319,41780,37369,31151,24358,24346
S0-PP40,369144,267559,246382,229664,215879,215859
S0-PP41,678171,13430,6947,5196,3291,3225
S0-PP44,665669,32899,28608,26611,24919,24919
S0-PP45,297664,272454,268975,263176,257082,256484
S0-PP45c26,73314,26316,25604,25106,24541,24400
S0-PP45c38,409219,334953,328313,319536,311754,310137
S0-PP46,786086,289071,280202,274409,268521,268487
S0-PP48,379717,379532,368541,359228,345527,345053
S0-PP5,70359,70266,68285,59566,49132,46083
S0-PP50,124350,123570,116265,109730,101146,95353
S0-PP51,586019,148681,139755,135455,130962,130788
S0-PP52,243093,212721,175017,141659,130528,130528
S0-PP53,63638,59240,53975,43472,29430,29146
S0-PP54,69328,67433,54882,50330,46644,46623
S0-PP55,449690,448173,415028,398985,382448,382370
S0-PP56,371093,370911,368552,364079,355468,355457
S0-PP59,89181,88411,81889,73533,64841,64836
S0-PP60,288054,246475,216665,158458,113353,113284
S0-PP61,207927,198608,194626,170540,100675,100674
S0-PP63,221599,207982,159181,108778,61269,61267
S0-PP64,289,264,0,0,0,0
S0-PP65,236953,236929,226396,173535,107684,107539
S0-PP66,245644,245457,243349,240100,234999,234996
S0-PP68,172191,171057,161076,141625,123489,118976
S0-PP69,563995,560072,542589,532790,519052,518928
S0-PP70,434505,434364,418359,408505,397694,397075
S0-PP71,379063,378541,367173,355954,329804,329481
S0-PP72,180810,124659,99784,67899,52613,52459
S0-PP73,358612,345758,339850,334172,325555,325542
S0-PP75,249269,249162,221694,149251,83940,83940
S0-PP77,82,79,0,0,0,0
S0-PP8,109407,34185,19080,16125,13186,13185
S0-PP81,65776,65120,27228,9120,30,30
S0-PP82,166802,163086,162136,158797,154470,154461
S0-PP9,538706,17708,13152,11045,9175,9148
S1,1763892,1591843,1457025,1272406,879545,878671
S2,2041049,1884244,1744641,1538216,1116890,1116787
S3,1758340,325116,240174,186680,40113,39929
S4,309949,282607,246304,187293,16995,16894
S5-MP10-1,886798,440320,389276,314532,179102,178955
S5-MP10-2,829274,323136,258450,256639,249696,249131
S5-MP10-3,1118417,382151,317898,242292,179214,175595
S5-MP10-4,487348,431659,319221,292548,233288,232932
S5-MP10-5,524338,382034,358360,343788,300095,298229
S5-MP10-6,685437,488176,281322,223157,93795,93768
S5-MP10-7,261850,256717,238375,210064,146915,146766
S5-MP10-8,1126109,717517,594582,580383,550518,542311
S5-MP10-9,75977,73154,17106,11859,231,231
S5-MP20-1,3398458,524416,266136,224645,190738,189935
S5-MP20-2,3267835,1937805,114943,94016,78189,77114
S5-MP20-3,1904855,345060,225808,208134,187797,186844
S5-MP20-4,1999106,957387,752507,692143,612446,607601
S5-MP20-5,149837,137052,19051,8026,382,382
S5-MP5-1,158717,158250,154033,147597,131795,131733
S5-MP5-10,112771,112723,107219,103000,95293,93846
S5-MP5-11,130323,122515,53239,37382,8437,8433
S5-MP5-12,385687,199120,111606,105683,90158,90138
S5-MP5-13,45432,45244,42944,42231,40819,40658
S5-MP5-14,186509,184839,156611,126923,80610,80242
S5-MP5-15,362094,22682,19017,14315,7821,7732
S5-MP5-16,279528,200609,59698,52903,34665,29457
S5-MP5-17,530830,40998,6388,4500,893,893
S5-MP5-2,122363,72643,57923,42177,15633,15607
S5-MP5-3,569295,69059,62098,60519,56105,56058
S5-MP5-4,154899,113532,101040,99986,96819,96378
S5-MP5-5,211463,138123,72395,49612,26892,26257
S5-MP5-6,827159,8258,4546,3904,3223,3211
S5-MP5-7,585319,568630,92580,87859,77755,77604
S5-MP5-8,98244,96324,73968,67804,52264,52092
S5-MP5-9,317579,315702,284810,261633,183021,182525
S6-MP1-PP01,10621,8151,3553,3298,3066,3042
S6-MP1-PP02,3325,2729,1843,1753,1502,1482
S6-MP1-PP03,19234,310,12,0,0,0
S6-MP1-PP04,38236,631,41,22,7,7
S6-MP1-PP05,8245,6032,4491,4027,3596,2985
S6-MP1-PP06,8376,4739,12,0,0,0
S6-MP1-PP07,90602,27080,3915,1995,71,71
S6-MP1-PP08,76309,27932,7208,5275,4020,4020
S6-MP1-PP09,17159,159,9,0,0,0
S6-MP1-PP10,3946,87,2,0,0,0
S6-MP1-PP11,3547,220,0,0,0,0
S6-MP1-PP12,12802,11679,10698,9696,9134,9130
S6-MP1-PP13,19618,718,539,490,472,472
S6-MP1-PP14,3328,2212,945,740,659,659
S6-MP1-PP15,7373,1341,22,0,0,0
S6-MP1-PP16,65152,65046,62934,58254,55721,55530
S6-MP1-PP17,1568,1219,507,309,118,118
S6-MP1-PP18,22476,20927,19228,17985,17064,17059
S6-MP1-PP19,33143,31816,11612,10000,8709,8676
S6-MP1-PP20,4773,1265,199,161,105,105
S6-MP1-PP21,82,65,0,0,0,0
S6-MP1-PP22,360,220,100,0,0,0
S6-MP1-PP23,4249,3373,2460,2014,1234,1234
S6-MP1-PP24,20799,11024,10294,8853,7863,7817
S6-MP1-PP25,26338,26102,18764,17358,16240,15956
S6-MP1-PP26,8986,2405,2079,1968,1859,1857
S6-MP1-PP27,5716,61,0,0,0,0
S6-MP1-PP28,643,238,120,0,0,0
S6-MP1-PP29,21610,390,152,125,107,107
S6-MP1-PP30,5184,4861,105,51,0,0
S6-MP1-PP31,3837,3806,1490,536,240,240
S6-MP1-PP32,604,199,43,0,0,0
S6-MP1-PP33,1963,1412,165,129,122,122
S6-MP1-PP34,30208,30139,26419,24228,21773,20845
S6-MP1-PP35,17408,17209,16594,14904,10273,10272
S6-MP1-PP36,6943,105,30,29,26,26
S6-MP1-PP37,34926,34500,28780,26350,24781,24774
S6-MP1-PP38,7579,6881,6116,5575,5212,4856
S6-MP1-PP39,204,120,0,0,0,0
S6-MP1-PP40,15851,6789,4956,4616,4385,4384
S6-MP1-PP41,41966,825,160,148,104,104
S6-MP1-PP42,30671,183,4,0,0,0
S6-MP1-PP43,18541,125,11,0,0,0
S6-MP1-PP44,3558,381,77,69,65,65
S6-MP1-PP45,192293,94681,86605,78639,74085,73972
S6-MP1-PP46,92626,735,70,68,64,64
S6-MP1-PP47,34420,1646,1051,806,589,589
S6-MP1-PP48,6259,6201,4951,4634,4414,4400
S6-MP1-PP49,3926,820,138,107,78,78
S6-MP1-PP50,12076,12027,5028,4735,4395,3861
S6-MP1-PP51,71210,39534,76,0,0,0
S6-MP1-PP52,43371,19992,1716,1518,1064,1064
S6-MP1-PP53,11979,8834,6101,5081,4059,4054
S6-MP1-PP54,68372,61191,14538,13145,12304,12298
S6-MP1-PP55,106536,105112,83669,73127,67088,66915
S6-MP1-PP56,26745,25415,24604,23665,23103,23081
S6-MP1-PP57,91416,49501,18963,11449,1915,1915
S6-MP1-PP58,55774,1125,1,0,0,0
S6-MP1-PP59,55769,33843,24526,21521,18472,18472
S6-MP1-PP60,36020,19121,12632,10919,9308,9293
S6-MP1-PP61,1066,920,462,385,357,357
S6-MP1-PP63,92689,84301,57879,50885,44972,44948
S6-MP1-PP64,1531,1162,735,630,550,549
S6-MP1-PP65,12813,12788,10644,8549,6943,6723
S6-MP1-PP66,2388,2069,1758,1647,1598,1592
S6-MP1-PP67,1458,1100,712,622,318,318
S6-MP1-PP68,2814,2592,1106,920,416,416
S6-MP1-PP69,5924,5608,5119,4811,4641,4640
S6-MP1-PP70,1703,1638,858,788,746,746
S6-MP1-PP71,4094,4016,3485,3113,2862,2860
S6-MP1-PP72,60734,40541,22609,15590,11141,11108
S6-MP1-PP73,5884,5569,5375,4633,4258,4257
S6-MP1-PP74,21810,2972,1957,1308,791,790
S6-MP1-PP75,4646,4626,2979,2403,1515,1515
S6-MP1-PP76,66021,398,0,0,0,0
S6-MP1-PP77,35270,31143,1688,1527,1313,1313
S6-MP1-PP78,325,180,2,0,0,0
S6-MP1-PP79,27447,256,0,0,0,0
S6-MP1-PP80,53877,53397,1071,0,0,0
S6-MP1-PP81,12641,12577,2058,1121,0,0
S6-MP1-PP82,5291,2493,2337,2168,2083,2069
S6-MP1-PP83,117739,1314,345,112,0,0
S6-MP10-1,2225717,319643,184065,108137,48469,48426
S6-MP10-2,615612,131518,35072,34176,32994,32762
S6-MP10-3,340483,50905,30711,26721,19337,19009
S6-MP10-4,132723,107490,48519,46688,41193,41044
S6-MP10-5,208139,62813,56551,55088,50672,50313
S6-MP10-6,328089,109272,44582,37418,21122,21113
S6-MP10-7,138550,136064,126937,117123,99339,99031
S6-MP10-8,492542,59469,32244,31498,29705,28783
S6-MP10-9,39986,32686,1004,757,19,19
S6-MP20-1,845729,424068,351880,314938,267692,267059
S6-MP20-2,833110,479842,30581,27287,24787,24595
S6-MP20-3,367788,130724,85927,79504,70602,70300
S6-MP20-4,2475487,574777,110692,101770,91440,90767
S6-MP20-5,229921,187451,4169,1146,56,56
S6-MP5-1,34161,32107,30402,29268,26433,26405
S6-MP5-10,13445,13262,12049,11210,10086,10010
S6-MP5-11,217788,81510,26063,17791,7103,7086
S6-MP5-12,252486,121538,41427,39217,33017,33002
S6-MP5-13,37821,37697,36035,35523,33786,33739
S6-MP5-14,209666,170303,138811,118026,96434,96060
S6-MP5-15,76223,2548,1203,1059,608,608
S6-MP5-16,104163,57436,3538,3024,1859,1638
S6-MP5-17,704496,83150,9840,6502,2196,2187
S6-MP5-2,128872,5798,2602,1935,1595,1595
S6-MP5-3,307220,18128,14326,13948,13186,13162
S6-MP5-4,213638,17948,14294,13944,13236,13103
S6-MP5-5,222473,72617,4866,3937,2860,2780
S6-MP5-6,308763,1785,273,198,178,178
S6-MP5-7,93451,56022,14449,14141,13530,13492
S6-MP5-8,28564,13299,3795,3474,2948,2931
S6-MP5-9,39754,24399,20389,19027,15421,15410
